{
 "cells": [
  {
   "cell_type": "code",
   "execution_count": 2,
   "metadata": {},
   "outputs": [
    {
     "name": "stderr",
     "output_type": "stream",
     "text": [
      "[2024-08-26T21:20:12Z INFO  re_sdk_comms::server] Hosting a SDK server over TCP at 0.0.0.0:9876. Connect with the Rerun logging SDK.\n",
      "Error: winit EventLoopError: os error at /home/conda/feedstock_root/build_artifacts/rerun-sdk_1724135644780/_build_env/.cargo/registry/src/index.crates.io-6f17d22bba15001f/winit-0.29.15/src/platform_impl/linux/mod.rs:786: neither WAYLAND_DISPLAY nor WAYLAND_SOCKET nor DISPLAY is set.\n",
      "[2024-08-26T21:20:12Z WARN  re_sdk_comms::buffered_client] Failed to send message after 3 attempts: Failed to connect to Rerun server at 127.0.0.1:9876: Connection refused (os error 111)\n",
      "[2024-08-26T21:20:15Z WARN  re_sdk_comms::buffered_client] Dropping messages because tcp client has timed out.\n",
      "[2024-08-26T21:20:15Z WARN  re_sdk_comms::buffered_client] Dropping messages because tcp client has timed out.\n",
      "[2024-08-26T21:20:15Z WARN  re_sdk_comms::tcp_client] Tried to flush while TCP stream was still Pending. Data was possibly dropped.\n"
     ]
    },
    {
     "data": {
      "application/vnd.jupyter.widget-view+json": {
       "model_id": "6bd54da178744b2ab3db0e67aaecc1da",
       "version_major": 2,
       "version_minor": 1
      },
      "text/plain": [
       "Viewer()"
      ]
     },
     "metadata": {},
     "output_type": "display_data"
    },
    {
     "name": "stdout",
     "output_type": "stream",
     "text": [
      "/home/ldematteis/mambaforge/envs/Release/share/example-robot-data/robots/../../example-robot-data/robots/solo_description/meshes/stl/solo12/solo_12_base.stl\n",
      "/home/ldematteis/mambaforge/envs/Release/share/example-robot-data/robots/../../example-robot-data/robots/solo_description/meshes/stl/solo12/solo12_hip_fe_fl.stl\n",
      "/home/ldematteis/mambaforge/envs/Release/share/example-robot-data/robots/../../example-robot-data/robots/solo_description/meshes/stl/with_foot/solo_upper_leg_left_side.stl\n",
      "/home/ldematteis/mambaforge/envs/Release/share/example-robot-data/robots/../../example-robot-data/robots/solo_description/meshes/stl/with_foot/solo_lower_leg_left_side.stl\n",
      "/home/ldematteis/mambaforge/envs/Release/share/example-robot-data/robots/../../example-robot-data/robots/solo_description/meshes/stl/with_foot/solo_foot.stl\n",
      "/home/ldematteis/mambaforge/envs/Release/share/example-robot-data/robots/../../example-robot-data/robots/solo_description/meshes/stl/solo12/solo12_hip_fe_fr.stl\n",
      "/home/ldematteis/mambaforge/envs/Release/share/example-robot-data/robots/../../example-robot-data/robots/solo_description/meshes/stl/with_foot/solo_upper_leg_right_side.stl\n",
      "/home/ldematteis/mambaforge/envs/Release/share/example-robot-data/robots/../../example-robot-data/robots/solo_description/meshes/stl/with_foot/solo_lower_leg_right_side.stl\n",
      "/home/ldematteis/mambaforge/envs/Release/share/example-robot-data/robots/../../example-robot-data/robots/solo_description/meshes/stl/with_foot/solo_foot.stl\n",
      "/home/ldematteis/mambaforge/envs/Release/share/example-robot-data/robots/../../example-robot-data/robots/solo_description/meshes/stl/solo12/solo12_hip_fe_hl.stl\n",
      "/home/ldematteis/mambaforge/envs/Release/share/example-robot-data/robots/../../example-robot-data/robots/solo_description/meshes/stl/with_foot/solo_upper_leg_left_side.stl\n",
      "/home/ldematteis/mambaforge/envs/Release/share/example-robot-data/robots/../../example-robot-data/robots/solo_description/meshes/stl/with_foot/solo_lower_leg_left_side.stl\n",
      "/home/ldematteis/mambaforge/envs/Release/share/example-robot-data/robots/../../example-robot-data/robots/solo_description/meshes/stl/with_foot/solo_foot.stl\n",
      "/home/ldematteis/mambaforge/envs/Release/share/example-robot-data/robots/../../example-robot-data/robots/solo_description/meshes/stl/solo12/solo12_hip_fe_hr.stl\n",
      "/home/ldematteis/mambaforge/envs/Release/share/example-robot-data/robots/../../example-robot-data/robots/solo_description/meshes/stl/with_foot/solo_upper_leg_right_side.stl\n",
      "/home/ldematteis/mambaforge/envs/Release/share/example-robot-data/robots/../../example-robot-data/robots/solo_description/meshes/stl/with_foot/solo_lower_leg_right_side.stl\n",
      "/home/ldematteis/mambaforge/envs/Release/share/example-robot-data/robots/../../example-robot-data/robots/solo_description/meshes/stl/with_foot/solo_foot.stl\n",
      "Done loading model\n"
     ]
    }
   ],
   "source": [
    "import example_robot_data as robex\n",
    "import pinocchio as pin\n",
    "import numpy as np\n",
    "import rerun.blueprint as rrb\n",
    "import rerun as rr\n",
    "\n",
    "import sys\n",
    "sys.path.append(\"../src\")\n",
    "from pinocchio_rerun import RerunVisualizer\n",
    "\n",
    "solo = robex.load(\"solo12\")\n",
    "model = solo.model\n",
    "visual_model = solo.visual_model\n",
    "collision_model = solo.collision_model\n",
    "\n",
    "rviz = RerunVisualizer(model, collision_model, visual_model, notebook_embed=True)\n",
    "rviz.loadViewerModel()\n",
    "\n",
    "print(\"Done loading model\")\n",
    "\n",
    "# rviz.addEllipsoid(\"obstacle\", radii=np.array([0.1, 0.05, 0.02]), color=[255, 255, 0, 128])\n",
    "# rviz.addBox(\"obstacle\", size=[0.1, 0.05, 0.02], color=[255, 255, 0, 128])\n",
    "# rviz.set_pose(\"obstacle\", pose=[0.0, 0.0, 0.0, 0.0, 0.0, 0.0, 1.0])\n",
    "\n",
    "# rviz.activateInertias()\n",
    "rviz.display(pin.neutral(solo.model))"
   ]
  },
  {
   "cell_type": "code",
   "execution_count": 3,
   "metadata": {},
   "outputs": [
    {
     "name": "stdout",
     "output_type": "stream",
     "text": [
      "FL_HFE\n",
      "[[ 0.          1.         -0.        ]\n",
      " [ 0.11972949  0.         -0.99280655]\n",
      " [-0.99280655  0.         -0.11972949]]\n",
      "FL_HFE\n",
      "[[ 0.          1.         -0.        ]\n",
      " [ 0.11972949  0.         -0.99280655]\n",
      " [-0.99280655  0.         -0.11972949]]\n",
      "FL_HFE\n",
      "[[ 0.          1.         -0.        ]\n",
      " [ 0.11972949  0.         -0.99280655]\n",
      " [-0.99280655  0.         -0.11972949]]\n",
      "FL_HFE\n",
      "[[ 0.          1.         -0.        ]\n",
      " [ 0.11972949  0.         -0.99280655]\n",
      " [-0.99280655  0.         -0.11972949]]\n",
      "FL_HFE\n",
      "[[ 0.          1.         -0.        ]\n",
      " [ 0.11972949  0.         -0.99280655]\n",
      " [-0.99280655  0.         -0.11972949]]\n",
      "FL_HFE\n",
      "[[ 0.          1.         -0.        ]\n",
      " [ 0.11972949  0.         -0.99280655]\n",
      " [-0.99280655  0.         -0.11972949]]\n",
      "FL_HFE\n",
      "[[ 0.          1.         -0.        ]\n",
      " [ 0.11972949  0.         -0.99280655]\n",
      " [-0.99280655  0.         -0.11972949]]\n",
      "FL_HFE\n",
      "[[ 0.          1.         -0.        ]\n",
      " [ 0.11972949  0.         -0.99280655]\n",
      " [-0.99280655  0.         -0.11972949]]\n",
      "FL_HFE\n",
      "[[ 0.          1.         -0.        ]\n",
      " [ 0.11972949  0.         -0.99280655]\n",
      " [-0.99280655  0.         -0.11972949]]\n",
      "FL_HFE\n",
      "[[ 0.          1.         -0.        ]\n",
      " [ 0.11972949  0.         -0.99280655]\n",
      " [-0.99280655  0.         -0.11972949]]\n",
      "FL_HFE\n",
      "[[ 0.          1.         -0.        ]\n",
      " [ 0.11972949  0.         -0.99280655]\n",
      " [-0.99280655  0.         -0.11972949]]\n",
      "FL_HFE\n",
      "[[ 0.          1.         -0.        ]\n",
      " [ 0.11972949  0.         -0.99280655]\n",
      " [-0.99280655  0.         -0.11972949]]\n",
      "FL_HFE\n",
      "[[ 0.          1.         -0.        ]\n",
      " [ 0.11972949  0.         -0.99280655]\n",
      " [-0.99280655  0.         -0.11972949]]\n",
      "FL_HFE\n",
      "[[ 0.          1.         -0.        ]\n",
      " [ 0.11972949  0.         -0.99280655]\n",
      " [-0.99280655  0.         -0.11972949]]\n",
      "FL_HFE\n",
      "[[ 0.          1.         -0.        ]\n",
      " [ 0.11972949  0.         -0.99280655]\n",
      " [-0.99280655  0.         -0.11972949]]\n",
      "FL_HFE\n",
      "[[ 0.          1.         -0.        ]\n",
      " [ 0.11972949  0.         -0.99280655]\n",
      " [-0.99280655  0.         -0.11972949]]\n",
      "FL_HFE\n",
      "[[ 0.          1.         -0.        ]\n",
      " [ 0.11972949  0.         -0.99280655]\n",
      " [-0.99280655  0.         -0.11972949]]\n",
      "FL_HFE\n",
      "[[ 0.          1.         -0.        ]\n",
      " [ 0.11972949  0.         -0.99280655]\n",
      " [-0.99280655  0.         -0.11972949]]\n",
      "FL_HFE\n",
      "[[ 0.          1.         -0.        ]\n",
      " [ 0.11972949  0.         -0.99280655]\n",
      " [-0.99280655  0.         -0.11972949]]\n",
      "FL_HFE\n",
      "[[ 0.          1.         -0.        ]\n",
      " [ 0.11972949  0.         -0.99280655]\n",
      " [-0.99280655  0.         -0.11972949]]\n",
      "FL_HFE\n",
      "[[ 0.          1.         -0.        ]\n",
      " [ 0.11972949  0.         -0.99280655]\n",
      " [-0.99280655  0.         -0.11972949]]\n",
      "FL_HFE\n",
      "[[ 0.          1.         -0.        ]\n",
      " [ 0.11972949  0.         -0.99280655]\n",
      " [-0.99280655  0.         -0.11972949]]\n",
      "FL_HFE\n",
      "[[ 0.          1.         -0.        ]\n",
      " [ 0.11972949  0.         -0.99280655]\n",
      " [-0.99280655  0.         -0.11972949]]\n",
      "FL_HFE\n",
      "[[ 0.          1.         -0.        ]\n",
      " [ 0.11972949  0.         -0.99280655]\n",
      " [-0.99280655  0.         -0.11972949]]\n",
      "FL_HFE\n",
      "[[ 0.          1.         -0.        ]\n",
      " [ 0.11972949  0.         -0.99280655]\n",
      " [-0.99280655  0.         -0.11972949]]\n",
      "FL_HFE\n",
      "[[ 0.          1.         -0.        ]\n",
      " [ 0.11972949  0.         -0.99280655]\n",
      " [-0.99280655  0.         -0.11972949]]\n",
      "FL_HFE\n",
      "[[ 0.          1.         -0.        ]\n",
      " [ 0.11972949  0.         -0.99280655]\n",
      " [-0.99280655  0.         -0.11972949]]\n",
      "FL_HFE\n",
      "[[ 0.          1.         -0.        ]\n",
      " [ 0.11972949  0.         -0.99280655]\n",
      " [-0.99280655  0.         -0.11972949]]\n",
      "FL_HFE\n",
      "[[ 0.          1.         -0.        ]\n",
      " [ 0.11972949  0.         -0.99280655]\n",
      " [-0.99280655  0.         -0.11972949]]\n",
      "FL_HFE\n",
      "[[ 0.          1.         -0.        ]\n",
      " [ 0.11972949  0.         -0.99280655]\n",
      " [-0.99280655  0.         -0.11972949]]\n",
      "FL_HFE\n",
      "[[ 0.          1.         -0.        ]\n",
      " [ 0.11972949  0.         -0.99280655]\n",
      " [-0.99280655  0.         -0.11972949]]\n",
      "FL_HFE\n",
      "[[ 0.          1.         -0.        ]\n",
      " [ 0.11972949  0.         -0.99280655]\n",
      " [-0.99280655  0.         -0.11972949]]\n",
      "FL_HFE\n",
      "[[ 0.          1.         -0.        ]\n",
      " [ 0.11972949  0.         -0.99280655]\n",
      " [-0.99280655  0.         -0.11972949]]\n",
      "FL_HFE\n",
      "[[ 0.          1.         -0.        ]\n",
      " [ 0.11972949  0.         -0.99280655]\n",
      " [-0.99280655  0.         -0.11972949]]\n",
      "FL_HFE\n",
      "[[ 0.          1.         -0.        ]\n",
      " [ 0.11972949  0.         -0.99280655]\n",
      " [-0.99280655  0.         -0.11972949]]\n",
      "FL_HFE\n",
      "[[ 0.          1.         -0.        ]\n",
      " [ 0.11972949  0.         -0.99280655]\n",
      " [-0.99280655  0.         -0.11972949]]\n",
      "FL_HFE\n",
      "[[ 0.          1.         -0.        ]\n",
      " [ 0.11972949  0.         -0.99280655]\n",
      " [-0.99280655  0.         -0.11972949]]\n",
      "FL_HFE\n",
      "[[ 0.          1.         -0.        ]\n",
      " [ 0.11972949  0.         -0.99280655]\n",
      " [-0.99280655  0.         -0.11972949]]\n",
      "FL_HFE\n",
      "[[ 0.          1.         -0.        ]\n",
      " [ 0.11972949  0.         -0.99280655]\n",
      " [-0.99280655  0.         -0.11972949]]\n",
      "FL_HFE\n",
      "[[ 0.          1.         -0.        ]\n",
      " [ 0.11972949  0.         -0.99280655]\n",
      " [-0.99280655  0.         -0.11972949]]\n",
      "FL_HFE\n",
      "[[ 0.          1.         -0.        ]\n",
      " [ 0.11972949  0.         -0.99280655]\n",
      " [-0.99280655  0.         -0.11972949]]\n",
      "FL_HFE\n",
      "[[ 0.          1.         -0.        ]\n",
      " [ 0.11972949  0.         -0.99280655]\n",
      " [-0.99280655  0.         -0.11972949]]\n",
      "FL_HFE\n",
      "[[ 0.          1.         -0.        ]\n",
      " [ 0.11972949  0.         -0.99280655]\n",
      " [-0.99280655  0.         -0.11972949]]\n",
      "FL_HFE\n",
      "[[ 0.          1.         -0.        ]\n",
      " [ 0.11972949  0.         -0.99280655]\n",
      " [-0.99280655  0.         -0.11972949]]\n",
      "FL_HFE\n",
      "[[ 0.          1.         -0.        ]\n",
      " [ 0.11972949  0.         -0.99280655]\n",
      " [-0.99280655  0.         -0.11972949]]\n",
      "FL_HFE\n",
      "[[ 0.          1.         -0.        ]\n",
      " [ 0.11972949  0.         -0.99280655]\n",
      " [-0.99280655  0.         -0.11972949]]\n",
      "FL_HFE\n",
      "[[ 0.          1.         -0.        ]\n",
      " [ 0.11972949  0.         -0.99280655]\n",
      " [-0.99280655  0.         -0.11972949]]\n",
      "FL_HFE\n",
      "[[ 0.          1.         -0.        ]\n",
      " [ 0.11972949  0.         -0.99280655]\n",
      " [-0.99280655  0.         -0.11972949]]\n",
      "FL_HFE\n",
      "[[ 0.          1.         -0.        ]\n",
      " [ 0.11972949  0.         -0.99280655]\n",
      " [-0.99280655  0.         -0.11972949]]\n",
      "FL_HFE\n",
      "[[ 0.          1.         -0.        ]\n",
      " [ 0.11972949  0.         -0.99280655]\n",
      " [-0.99280655  0.         -0.11972949]]\n",
      "FL_HFE\n",
      "[[ 0.          1.         -0.        ]\n",
      " [ 0.11972949  0.         -0.99280655]\n",
      " [-0.99280655  0.         -0.11972949]]\n",
      "FL_HFE\n",
      "[[ 0.          1.         -0.        ]\n",
      " [ 0.11972949  0.         -0.99280655]\n",
      " [-0.99280655  0.         -0.11972949]]\n",
      "FL_HFE\n",
      "[[ 0.          1.         -0.        ]\n",
      " [ 0.11972949  0.         -0.99280655]\n",
      " [-0.99280655  0.         -0.11972949]]\n",
      "FL_HFE\n",
      "[[ 0.          1.         -0.        ]\n",
      " [ 0.11972949  0.         -0.99280655]\n",
      " [-0.99280655  0.         -0.11972949]]\n",
      "FL_HFE\n",
      "[[ 0.          1.         -0.        ]\n",
      " [ 0.11972949  0.         -0.99280655]\n",
      " [-0.99280655  0.         -0.11972949]]\n",
      "FL_HFE\n",
      "[[ 0.          1.         -0.        ]\n",
      " [ 0.11972949  0.         -0.99280655]\n",
      " [-0.99280655  0.         -0.11972949]]\n",
      "FL_HFE\n",
      "[[ 0.          1.         -0.        ]\n",
      " [ 0.11972949  0.         -0.99280655]\n",
      " [-0.99280655  0.         -0.11972949]]\n",
      "FL_HFE\n",
      "[[ 0.          1.         -0.        ]\n",
      " [ 0.11972949  0.         -0.99280655]\n",
      " [-0.99280655  0.         -0.11972949]]\n",
      "FL_HFE\n",
      "[[ 0.          1.         -0.        ]\n",
      " [ 0.11972949  0.         -0.99280655]\n",
      " [-0.99280655  0.         -0.11972949]]\n",
      "FL_HFE\n",
      "[[ 0.          1.         -0.        ]\n",
      " [ 0.11972949  0.         -0.99280655]\n",
      " [-0.99280655  0.         -0.11972949]]\n",
      "FL_HFE\n",
      "[[ 0.          1.         -0.        ]\n",
      " [ 0.11972949  0.         -0.99280655]\n",
      " [-0.99280655  0.         -0.11972949]]\n",
      "FL_HFE\n",
      "[[ 0.          1.         -0.        ]\n",
      " [ 0.11972949  0.         -0.99280655]\n",
      " [-0.99280655  0.         -0.11972949]]\n",
      "FL_HFE\n",
      "[[ 0.          1.         -0.        ]\n",
      " [ 0.11972949  0.         -0.99280655]\n",
      " [-0.99280655  0.         -0.11972949]]\n",
      "FL_HFE\n",
      "[[ 0.          1.         -0.        ]\n",
      " [ 0.11972949  0.         -0.99280655]\n",
      " [-0.99280655  0.         -0.11972949]]\n",
      "FL_HFE\n",
      "[[ 0.          1.         -0.        ]\n",
      " [ 0.11972949  0.         -0.99280655]\n",
      " [-0.99280655  0.         -0.11972949]]\n",
      "FL_HFE\n",
      "[[ 0.          1.         -0.        ]\n",
      " [ 0.11972949  0.         -0.99280655]\n",
      " [-0.99280655  0.         -0.11972949]]\n",
      "FL_HFE\n",
      "[[ 0.          1.         -0.        ]\n",
      " [ 0.11972949  0.         -0.99280655]\n",
      " [-0.99280655  0.         -0.11972949]]\n",
      "FL_HFE\n",
      "[[ 0.          1.         -0.        ]\n",
      " [ 0.11972949  0.         -0.99280655]\n",
      " [-0.99280655  0.         -0.11972949]]\n",
      "FL_HFE\n",
      "[[ 0.          1.         -0.        ]\n",
      " [ 0.11972949  0.         -0.99280655]\n",
      " [-0.99280655  0.         -0.11972949]]\n",
      "FL_HFE\n",
      "[[ 0.          1.         -0.        ]\n",
      " [ 0.11972949  0.         -0.99280655]\n",
      " [-0.99280655  0.         -0.11972949]]\n",
      "FL_HFE\n",
      "[[ 0.          1.         -0.        ]\n",
      " [ 0.11972949  0.         -0.99280655]\n",
      " [-0.99280655  0.         -0.11972949]]\n",
      "FL_HFE\n",
      "[[ 0.          1.         -0.        ]\n",
      " [ 0.11972949  0.         -0.99280655]\n",
      " [-0.99280655  0.         -0.11972949]]\n",
      "FL_HFE\n",
      "[[ 0.          1.         -0.        ]\n",
      " [ 0.11972949  0.         -0.99280655]\n",
      " [-0.99280655  0.         -0.11972949]]\n",
      "FL_HFE\n",
      "[[ 0.          1.         -0.        ]\n",
      " [ 0.11972949  0.         -0.99280655]\n",
      " [-0.99280655  0.         -0.11972949]]\n",
      "FL_HFE\n",
      "[[ 0.          1.         -0.        ]\n",
      " [ 0.11972949  0.         -0.99280655]\n",
      " [-0.99280655  0.         -0.11972949]]\n",
      "FL_HFE\n",
      "[[ 0.          1.         -0.        ]\n",
      " [ 0.11972949  0.         -0.99280655]\n",
      " [-0.99280655  0.         -0.11972949]]\n",
      "FL_HFE\n",
      "[[ 0.          1.         -0.        ]\n",
      " [ 0.11972949  0.         -0.99280655]\n",
      " [-0.99280655  0.         -0.11972949]]\n",
      "FL_HFE\n",
      "[[ 0.          1.         -0.        ]\n",
      " [ 0.11972949  0.         -0.99280655]\n",
      " [-0.99280655  0.         -0.11972949]]\n",
      "FL_HFE\n",
      "[[ 0.          1.         -0.        ]\n",
      " [ 0.11972949  0.         -0.99280655]\n",
      " [-0.99280655  0.         -0.11972949]]\n",
      "FL_HFE\n",
      "[[ 0.          1.         -0.        ]\n",
      " [ 0.11972949  0.         -0.99280655]\n",
      " [-0.99280655  0.         -0.11972949]]\n",
      "FL_HFE\n",
      "[[ 0.          1.         -0.        ]\n",
      " [ 0.11972949  0.         -0.99280655]\n",
      " [-0.99280655  0.         -0.11972949]]\n",
      "FL_HFE\n",
      "[[ 0.          1.         -0.        ]\n",
      " [ 0.11972949  0.         -0.99280655]\n",
      " [-0.99280655  0.         -0.11972949]]\n",
      "FL_HFE\n",
      "[[ 0.          1.         -0.        ]\n",
      " [ 0.11972949  0.         -0.99280655]\n",
      " [-0.99280655  0.         -0.11972949]]\n",
      "FL_HFE\n",
      "[[ 0.          1.         -0.        ]\n",
      " [ 0.11972949  0.         -0.99280655]\n",
      " [-0.99280655  0.         -0.11972949]]\n",
      "FL_HFE\n",
      "[[ 0.          1.         -0.        ]\n",
      " [ 0.11972949  0.         -0.99280655]\n",
      " [-0.99280655  0.         -0.11972949]]\n",
      "FL_HFE\n",
      "[[ 0.          1.         -0.        ]\n",
      " [ 0.11972949  0.         -0.99280655]\n",
      " [-0.99280655  0.         -0.11972949]]\n",
      "FL_HFE\n",
      "[[ 0.          1.         -0.        ]\n",
      " [ 0.11972949  0.         -0.99280655]\n",
      " [-0.99280655  0.         -0.11972949]]\n",
      "FL_HFE\n",
      "[[ 0.          1.         -0.        ]\n",
      " [ 0.11972949  0.         -0.99280655]\n",
      " [-0.99280655  0.         -0.11972949]]\n",
      "FL_HFE\n",
      "[[ 0.          1.         -0.        ]\n",
      " [ 0.11972949  0.         -0.99280655]\n",
      " [-0.99280655  0.         -0.11972949]]\n",
      "FL_HFE\n",
      "[[ 0.          1.         -0.        ]\n",
      " [ 0.11972949  0.         -0.99280655]\n",
      " [-0.99280655  0.         -0.11972949]]\n",
      "FL_HFE\n",
      "[[ 0.          1.         -0.        ]\n",
      " [ 0.11972949  0.         -0.99280655]\n",
      " [-0.99280655  0.         -0.11972949]]\n",
      "FL_HFE\n",
      "[[ 0.          1.         -0.        ]\n",
      " [ 0.11972949  0.         -0.99280655]\n",
      " [-0.99280655  0.         -0.11972949]]\n",
      "FL_HFE\n",
      "[[ 0.          1.         -0.        ]\n",
      " [ 0.11972949  0.         -0.99280655]\n",
      " [-0.99280655  0.         -0.11972949]]\n",
      "FL_HFE\n",
      "[[ 0.          1.         -0.        ]\n",
      " [ 0.11972949  0.         -0.99280655]\n",
      " [-0.99280655  0.         -0.11972949]]\n",
      "FL_HFE\n",
      "[[ 0.          1.         -0.        ]\n",
      " [ 0.11972949  0.         -0.99280655]\n",
      " [-0.99280655  0.         -0.11972949]]\n",
      "FL_HFE\n",
      "[[ 0.          1.         -0.        ]\n",
      " [ 0.11972949  0.         -0.99280655]\n",
      " [-0.99280655  0.         -0.11972949]]\n",
      "FL_HFE\n",
      "[[ 0.          1.         -0.        ]\n",
      " [ 0.11972949  0.         -0.99280655]\n",
      " [-0.99280655  0.         -0.11972949]]\n",
      "FL_HFE\n",
      "[[ 0.          1.         -0.        ]\n",
      " [ 0.11972949  0.         -0.99280655]\n",
      " [-0.99280655  0.         -0.11972949]]\n",
      "FL_HFE\n",
      "[[ 0.          1.         -0.        ]\n",
      " [ 0.11972949  0.         -0.99280655]\n",
      " [-0.99280655  0.         -0.11972949]]\n",
      "FL_HFE\n",
      "[[ 0.          1.         -0.        ]\n",
      " [ 0.11972949  0.         -0.99280655]\n",
      " [-0.99280655  0.         -0.11972949]]\n",
      "FL_HFE\n",
      "[[ 0.          1.         -0.        ]\n",
      " [ 0.11972949  0.         -0.99280655]\n",
      " [-0.99280655  0.         -0.11972949]]\n",
      "FL_HFE\n",
      "[[ 0.          1.         -0.        ]\n",
      " [ 0.11972949  0.         -0.99280655]\n",
      " [-0.99280655  0.         -0.11972949]]\n",
      "FL_HFE\n",
      "[[ 0.          1.         -0.        ]\n",
      " [ 0.11972949  0.         -0.99280655]\n",
      " [-0.99280655  0.         -0.11972949]]\n",
      "FL_HFE\n",
      "[[ 0.          1.         -0.        ]\n",
      " [ 0.11972949  0.         -0.99280655]\n",
      " [-0.99280655  0.         -0.11972949]]\n",
      "FL_HFE\n",
      "[[ 0.          1.         -0.        ]\n",
      " [ 0.11972949  0.         -0.99280655]\n",
      " [-0.99280655  0.         -0.11972949]]\n",
      "FL_HFE\n",
      "[[ 0.          1.         -0.        ]\n",
      " [ 0.11972949  0.         -0.99280655]\n",
      " [-0.99280655  0.         -0.11972949]]\n",
      "FL_HFE\n",
      "[[ 0.          1.         -0.        ]\n",
      " [ 0.11972949  0.         -0.99280655]\n",
      " [-0.99280655  0.         -0.11972949]]\n",
      "FL_HFE\n",
      "[[ 0.          1.         -0.        ]\n",
      " [ 0.11972949  0.         -0.99280655]\n",
      " [-0.99280655  0.         -0.11972949]]\n",
      "FL_HFE\n",
      "[[ 0.          1.         -0.        ]\n",
      " [ 0.11972949  0.         -0.99280655]\n",
      " [-0.99280655  0.         -0.11972949]]\n",
      "FL_HFE\n",
      "[[ 0.          1.         -0.        ]\n",
      " [ 0.11972949  0.         -0.99280655]\n",
      " [-0.99280655  0.         -0.11972949]]\n",
      "FL_HFE\n",
      "[[ 0.          1.         -0.        ]\n",
      " [ 0.11972949  0.         -0.99280655]\n",
      " [-0.99280655  0.         -0.11972949]]\n",
      "FL_HFE\n",
      "[[ 0.          1.         -0.        ]\n",
      " [ 0.11972949  0.         -0.99280655]\n",
      " [-0.99280655  0.         -0.11972949]]\n",
      "FL_HFE\n",
      "[[ 0.          1.         -0.        ]\n",
      " [ 0.11972949  0.         -0.99280655]\n",
      " [-0.99280655  0.         -0.11972949]]\n",
      "FL_HFE\n",
      "[[ 0.          1.         -0.        ]\n",
      " [ 0.11972949  0.         -0.99280655]\n",
      " [-0.99280655  0.         -0.11972949]]\n",
      "FL_HFE\n",
      "[[ 0.          1.         -0.        ]\n",
      " [ 0.11972949  0.         -0.99280655]\n",
      " [-0.99280655  0.         -0.11972949]]\n",
      "FL_HFE\n",
      "[[ 0.          1.         -0.        ]\n",
      " [ 0.11972949  0.         -0.99280655]\n",
      " [-0.99280655  0.         -0.11972949]]\n",
      "FL_HFE\n",
      "[[ 0.          1.         -0.        ]\n",
      " [ 0.11972949  0.         -0.99280655]\n",
      " [-0.99280655  0.         -0.11972949]]\n",
      "FL_HFE\n",
      "[[ 0.          1.         -0.        ]\n",
      " [ 0.11972949  0.         -0.99280655]\n",
      " [-0.99280655  0.         -0.11972949]]\n",
      "FL_HFE\n",
      "[[ 0.          1.         -0.        ]\n",
      " [ 0.11972949  0.         -0.99280655]\n",
      " [-0.99280655  0.         -0.11972949]]\n",
      "FL_HFE\n",
      "[[ 0.          1.         -0.        ]\n",
      " [ 0.11972949  0.         -0.99280655]\n",
      " [-0.99280655  0.         -0.11972949]]\n",
      "FL_HFE\n",
      "[[ 0.          1.         -0.        ]\n",
      " [ 0.11972949  0.         -0.99280655]\n",
      " [-0.99280655  0.         -0.11972949]]\n",
      "FL_HFE\n",
      "[[ 0.          1.         -0.        ]\n",
      " [ 0.11972949  0.         -0.99280655]\n",
      " [-0.99280655  0.         -0.11972949]]\n",
      "FL_HFE\n",
      "[[ 0.          1.         -0.        ]\n",
      " [ 0.11972949  0.         -0.99280655]\n",
      " [-0.99280655  0.         -0.11972949]]\n",
      "FL_HFE\n",
      "[[ 0.          1.         -0.        ]\n",
      " [ 0.11972949  0.         -0.99280655]\n",
      " [-0.99280655  0.         -0.11972949]]\n",
      "FL_HFE\n",
      "[[ 0.          1.         -0.        ]\n",
      " [ 0.11972949  0.         -0.99280655]\n",
      " [-0.99280655  0.         -0.11972949]]\n",
      "FL_HFE\n",
      "[[ 0.          1.         -0.        ]\n",
      " [ 0.11972949  0.         -0.99280655]\n",
      " [-0.99280655  0.         -0.11972949]]\n",
      "FL_HFE\n",
      "[[ 0.          1.         -0.        ]\n",
      " [ 0.11972949  0.         -0.99280655]\n",
      " [-0.99280655  0.         -0.11972949]]\n",
      "FL_HFE\n",
      "[[ 0.          1.         -0.        ]\n",
      " [ 0.11972949  0.         -0.99280655]\n",
      " [-0.99280655  0.         -0.11972949]]\n",
      "FL_HFE\n",
      "[[ 0.          1.         -0.        ]\n",
      " [ 0.11972949  0.         -0.99280655]\n",
      " [-0.99280655  0.         -0.11972949]]\n",
      "FL_HFE\n",
      "[[ 0.          1.         -0.        ]\n",
      " [ 0.11972949  0.         -0.99280655]\n",
      " [-0.99280655  0.         -0.11972949]]\n",
      "FL_HFE\n",
      "[[ 0.          1.         -0.        ]\n",
      " [ 0.11972949  0.         -0.99280655]\n",
      " [-0.99280655  0.         -0.11972949]]\n",
      "FL_HFE\n",
      "[[ 0.          1.         -0.        ]\n",
      " [ 0.11972949  0.         -0.99280655]\n",
      " [-0.99280655  0.         -0.11972949]]\n",
      "FL_HFE\n",
      "[[ 0.          1.         -0.        ]\n",
      " [ 0.11972949  0.         -0.99280655]\n",
      " [-0.99280655  0.         -0.11972949]]\n",
      "FL_HFE\n",
      "[[ 0.          1.         -0.        ]\n",
      " [ 0.11972949  0.         -0.99280655]\n",
      " [-0.99280655  0.         -0.11972949]]\n",
      "FL_HFE\n",
      "[[ 0.          1.         -0.        ]\n",
      " [ 0.11972949  0.         -0.99280655]\n",
      " [-0.99280655  0.         -0.11972949]]\n",
      "FL_HFE\n",
      "[[ 0.          1.         -0.        ]\n",
      " [ 0.11972949  0.         -0.99280655]\n",
      " [-0.99280655  0.         -0.11972949]]\n",
      "FL_HFE\n",
      "[[ 0.          1.         -0.        ]\n",
      " [ 0.11972949  0.         -0.99280655]\n",
      " [-0.99280655  0.         -0.11972949]]\n",
      "FL_HFE\n",
      "[[ 0.          1.         -0.        ]\n",
      " [ 0.11972949  0.         -0.99280655]\n",
      " [-0.99280655  0.         -0.11972949]]\n",
      "FL_HFE\n",
      "[[ 0.          1.         -0.        ]\n",
      " [ 0.11972949  0.         -0.99280655]\n",
      " [-0.99280655  0.         -0.11972949]]\n",
      "FL_HFE\n",
      "[[ 0.          1.         -0.        ]\n",
      " [ 0.11972949  0.         -0.99280655]\n",
      " [-0.99280655  0.         -0.11972949]]\n",
      "FL_HFE\n",
      "[[ 0.          1.         -0.        ]\n",
      " [ 0.11972949  0.         -0.99280655]\n",
      " [-0.99280655  0.         -0.11972949]]\n",
      "FL_HFE\n",
      "[[ 0.          1.         -0.        ]\n",
      " [ 0.11972949  0.         -0.99280655]\n",
      " [-0.99280655  0.         -0.11972949]]\n",
      "FL_HFE\n",
      "[[ 0.          1.         -0.        ]\n",
      " [ 0.11972949  0.         -0.99280655]\n",
      " [-0.99280655  0.         -0.11972949]]\n",
      "FL_HFE\n",
      "[[ 0.          1.         -0.        ]\n",
      " [ 0.11972949  0.         -0.99280655]\n",
      " [-0.99280655  0.         -0.11972949]]\n",
      "FL_HFE\n",
      "[[ 0.          1.         -0.        ]\n",
      " [ 0.11972949  0.         -0.99280655]\n",
      " [-0.99280655  0.         -0.11972949]]\n",
      "FL_HFE\n",
      "[[ 0.          1.         -0.        ]\n",
      " [ 0.11972949  0.         -0.99280655]\n",
      " [-0.99280655  0.         -0.11972949]]\n",
      "FL_HFE\n",
      "[[ 0.          1.         -0.        ]\n",
      " [ 0.11972949  0.         -0.99280655]\n",
      " [-0.99280655  0.         -0.11972949]]\n",
      "FL_HFE\n",
      "[[ 0.          1.         -0.        ]\n",
      " [ 0.11972949  0.         -0.99280655]\n",
      " [-0.99280655  0.         -0.11972949]]\n",
      "FL_HFE\n",
      "[[ 0.          1.         -0.        ]\n",
      " [ 0.11972949  0.         -0.99280655]\n",
      " [-0.99280655  0.         -0.11972949]]\n",
      "FL_HFE\n",
      "[[ 0.          1.         -0.        ]\n",
      " [ 0.11972949  0.         -0.99280655]\n",
      " [-0.99280655  0.         -0.11972949]]\n",
      "FL_HFE\n",
      "[[ 0.          1.         -0.        ]\n",
      " [ 0.11972949  0.         -0.99280655]\n",
      " [-0.99280655  0.         -0.11972949]]\n",
      "FL_HFE\n",
      "[[ 0.          1.         -0.        ]\n",
      " [ 0.11972949  0.         -0.99280655]\n",
      " [-0.99280655  0.         -0.11972949]]\n",
      "FL_HFE\n",
      "[[ 0.          1.         -0.        ]\n",
      " [ 0.11972949  0.         -0.99280655]\n",
      " [-0.99280655  0.         -0.11972949]]\n",
      "FL_HFE\n",
      "[[ 0.          1.         -0.        ]\n",
      " [ 0.11972949  0.         -0.99280655]\n",
      " [-0.99280655  0.         -0.11972949]]\n",
      "FL_HFE\n",
      "[[ 0.          1.         -0.        ]\n",
      " [ 0.11972949  0.         -0.99280655]\n",
      " [-0.99280655  0.         -0.11972949]]\n",
      "FL_HFE\n",
      "[[ 0.          1.         -0.        ]\n",
      " [ 0.11972949  0.         -0.99280655]\n",
      " [-0.99280655  0.         -0.11972949]]\n",
      "FL_HFE\n",
      "[[ 0.          1.         -0.        ]\n",
      " [ 0.11972949  0.         -0.99280655]\n",
      " [-0.99280655  0.         -0.11972949]]\n",
      "FL_HFE\n",
      "[[ 0.          1.         -0.        ]\n",
      " [ 0.11972949  0.         -0.99280655]\n",
      " [-0.99280655  0.         -0.11972949]]\n",
      "FL_HFE\n",
      "[[ 0.          1.         -0.        ]\n",
      " [ 0.11972949  0.         -0.99280655]\n",
      " [-0.99280655  0.         -0.11972949]]\n",
      "FL_HFE\n",
      "[[ 0.          1.         -0.        ]\n",
      " [ 0.11972949  0.         -0.99280655]\n",
      " [-0.99280655  0.         -0.11972949]]\n",
      "FL_HFE\n",
      "[[ 0.          1.         -0.        ]\n",
      " [ 0.11972949  0.         -0.99280655]\n",
      " [-0.99280655  0.         -0.11972949]]\n",
      "FL_HFE\n",
      "[[ 0.          1.         -0.        ]\n",
      " [ 0.11972949  0.         -0.99280655]\n",
      " [-0.99280655  0.         -0.11972949]]\n",
      "FL_HFE\n",
      "[[ 0.          1.         -0.        ]\n",
      " [ 0.11972949  0.         -0.99280655]\n",
      " [-0.99280655  0.         -0.11972949]]\n",
      "FL_HFE\n",
      "[[ 0.          1.         -0.        ]\n",
      " [ 0.11972949  0.         -0.99280655]\n",
      " [-0.99280655  0.         -0.11972949]]\n",
      "FL_HFE\n",
      "[[ 0.          1.         -0.        ]\n",
      " [ 0.11972949  0.         -0.99280655]\n",
      " [-0.99280655  0.         -0.11972949]]\n",
      "FL_HFE\n",
      "[[ 0.          1.         -0.        ]\n",
      " [ 0.11972949  0.         -0.99280655]\n",
      " [-0.99280655  0.         -0.11972949]]\n",
      "FL_HFE\n",
      "[[ 0.          1.         -0.        ]\n",
      " [ 0.11972949  0.         -0.99280655]\n",
      " [-0.99280655  0.         -0.11972949]]\n",
      "FL_HFE\n",
      "[[ 0.          1.         -0.        ]\n",
      " [ 0.11972949  0.         -0.99280655]\n",
      " [-0.99280655  0.         -0.11972949]]\n",
      "FL_HFE\n",
      "[[ 0.          1.         -0.        ]\n",
      " [ 0.11972949  0.         -0.99280655]\n",
      " [-0.99280655  0.         -0.11972949]]\n",
      "FL_HFE\n",
      "[[ 0.          1.         -0.        ]\n",
      " [ 0.11972949  0.         -0.99280655]\n",
      " [-0.99280655  0.         -0.11972949]]\n",
      "FL_HFE\n",
      "[[ 0.          1.         -0.        ]\n",
      " [ 0.11972949  0.         -0.99280655]\n",
      " [-0.99280655  0.         -0.11972949]]\n",
      "FL_HFE\n",
      "[[ 0.          1.         -0.        ]\n",
      " [ 0.11972949  0.         -0.99280655]\n",
      " [-0.99280655  0.         -0.11972949]]\n",
      "FL_HFE\n",
      "[[ 0.          1.         -0.        ]\n",
      " [ 0.11972949  0.         -0.99280655]\n",
      " [-0.99280655  0.         -0.11972949]]\n",
      "FL_HFE\n",
      "[[ 0.          1.         -0.        ]\n",
      " [ 0.11972949  0.         -0.99280655]\n",
      " [-0.99280655  0.         -0.11972949]]\n",
      "FL_HFE\n",
      "[[ 0.          1.         -0.        ]\n",
      " [ 0.11972949  0.         -0.99280655]\n",
      " [-0.99280655  0.         -0.11972949]]\n",
      "FL_HFE\n",
      "[[ 0.          1.         -0.        ]\n",
      " [ 0.11972949  0.         -0.99280655]\n",
      " [-0.99280655  0.         -0.11972949]]\n",
      "FL_HFE\n",
      "[[ 0.          1.         -0.        ]\n",
      " [ 0.11972949  0.         -0.99280655]\n",
      " [-0.99280655  0.         -0.11972949]]\n",
      "FL_HFE\n",
      "[[ 0.          1.         -0.        ]\n",
      " [ 0.11972949  0.         -0.99280655]\n",
      " [-0.99280655  0.         -0.11972949]]\n",
      "FL_HFE\n",
      "[[ 0.          1.         -0.        ]\n",
      " [ 0.11972949  0.         -0.99280655]\n",
      " [-0.99280655  0.         -0.11972949]]\n",
      "FL_HFE\n",
      "[[ 0.          1.         -0.        ]\n",
      " [ 0.11972949  0.         -0.99280655]\n",
      " [-0.99280655  0.         -0.11972949]]\n",
      "FL_HFE\n",
      "[[ 0.          1.         -0.        ]\n",
      " [ 0.11972949  0.         -0.99280655]\n",
      " [-0.99280655  0.         -0.11972949]]\n",
      "FL_HFE\n",
      "[[ 0.          1.         -0.        ]\n",
      " [ 0.11972949  0.         -0.99280655]\n",
      " [-0.99280655  0.         -0.11972949]]\n",
      "FL_HFE\n",
      "[[ 0.          1.         -0.        ]\n",
      " [ 0.11972949  0.         -0.99280655]\n",
      " [-0.99280655  0.         -0.11972949]]\n",
      "FL_HFE\n",
      "[[ 0.          1.         -0.        ]\n",
      " [ 0.11972949  0.         -0.99280655]\n",
      " [-0.99280655  0.         -0.11972949]]\n",
      "FL_HFE\n",
      "[[ 0.          1.         -0.        ]\n",
      " [ 0.11972949  0.         -0.99280655]\n",
      " [-0.99280655  0.         -0.11972949]]\n",
      "FL_HFE\n",
      "[[ 0.          1.         -0.        ]\n",
      " [ 0.11972949  0.         -0.99280655]\n",
      " [-0.99280655  0.         -0.11972949]]\n",
      "FL_HFE\n",
      "[[ 0.          1.         -0.        ]\n",
      " [ 0.11972949  0.         -0.99280655]\n",
      " [-0.99280655  0.         -0.11972949]]\n",
      "FL_HFE\n",
      "[[ 0.          1.         -0.        ]\n",
      " [ 0.11972949  0.         -0.99280655]\n",
      " [-0.99280655  0.         -0.11972949]]\n",
      "FL_HFE\n",
      "[[ 0.          1.         -0.        ]\n",
      " [ 0.11972949  0.         -0.99280655]\n",
      " [-0.99280655  0.         -0.11972949]]\n",
      "FL_HFE\n",
      "[[ 0.          1.         -0.        ]\n",
      " [ 0.11972949  0.         -0.99280655]\n",
      " [-0.99280655  0.         -0.11972949]]\n",
      "FL_HFE\n",
      "[[ 0.          1.         -0.        ]\n",
      " [ 0.11972949  0.         -0.99280655]\n",
      " [-0.99280655  0.         -0.11972949]]\n",
      "FL_HFE\n",
      "[[ 0.          1.         -0.        ]\n",
      " [ 0.11972949  0.         -0.99280655]\n",
      " [-0.99280655  0.         -0.11972949]]\n",
      "FL_HFE\n",
      "[[ 0.          1.         -0.        ]\n",
      " [ 0.11972949  0.         -0.99280655]\n",
      " [-0.99280655  0.         -0.11972949]]\n",
      "FL_HFE\n",
      "[[ 0.          1.         -0.        ]\n",
      " [ 0.11972949  0.         -0.99280655]\n",
      " [-0.99280655  0.         -0.11972949]]\n",
      "FL_HFE\n",
      "[[ 0.          1.         -0.        ]\n",
      " [ 0.11972949  0.         -0.99280655]\n",
      " [-0.99280655  0.         -0.11972949]]\n",
      "FL_HFE\n",
      "[[ 0.          1.         -0.        ]\n",
      " [ 0.11972949  0.         -0.99280655]\n",
      " [-0.99280655  0.         -0.11972949]]\n",
      "FL_HFE\n",
      "[[ 0.          1.         -0.        ]\n",
      " [ 0.11972949  0.         -0.99280655]\n",
      " [-0.99280655  0.         -0.11972949]]\n",
      "FL_HFE\n",
      "[[ 0.          1.         -0.        ]\n",
      " [ 0.11972949  0.         -0.99280655]\n",
      " [-0.99280655  0.         -0.11972949]]\n",
      "FL_HFE\n",
      "[[ 0.          1.         -0.        ]\n",
      " [ 0.11972949  0.         -0.99280655]\n",
      " [-0.99280655  0.         -0.11972949]]\n",
      "FL_HFE\n",
      "[[ 0.          1.         -0.        ]\n",
      " [ 0.11972949  0.         -0.99280655]\n",
      " [-0.99280655  0.         -0.11972949]]\n",
      "FL_HFE\n",
      "[[ 0.          1.         -0.        ]\n",
      " [ 0.11972949  0.         -0.99280655]\n",
      " [-0.99280655  0.         -0.11972949]]\n",
      "FL_HFE\n",
      "[[ 0.          1.         -0.        ]\n",
      " [ 0.11972949  0.         -0.99280655]\n",
      " [-0.99280655  0.         -0.11972949]]\n",
      "FL_HFE\n",
